   21.00000    
   21.25000    
   21.50000    
   21.75000    
   22.00000    
   22.25000    
   22.50000    
   22.75000    
   23.00000    
   23.25000    
   23.50000    
   23.75000    
   24.00000    
   24.25000    
   24.50000    
   24.75000    
   25.00000    
   25.25000    
   25.50000    
   25.75000    
   26.00000    
   26.25000    
   26.50000    
   26.75000    
   27.00000    
   27.25000    
   27.50000    
   27.75000    
   28.00000    
   28.25000    
   28.50000    
   28.75000    
   29.00000    
   29.25000    
   29.50000    
   29.75000    
   30.00000    
   30.25000    
   30.50000    
   30.75000    
   31.00000    
   31.25000    
   31.50000    
   31.75000    
   32.00000    
   32.25000    
   32.50000    
   32.75000    
   33.00000    
   33.25000    
   33.50000    
   33.75000    
   34.00000    
