   98.00000    
   98.25000    
   98.50000    
   98.75000    
   99.00000    
   99.25000    
   99.50000    
   99.75000    
   100.0000    
   100.2500    
   100.5000    
   100.7500    
   101.0000    
   101.2500    
   101.5000    
   101.7500    
   102.0000    
   102.2500    
   102.5000    
   102.7500    
   103.0000    
   103.2500    
   103.5000    
   103.7500    
   104.0000    
   104.2500    
   104.5000    
   104.7500    
   105.0000    
   105.2500    
   105.5000    
   105.7500    
   106.0000    
