 CONTRL: NSTS,NEQS,NITLOC,RMSCUT,DVMAX,VDAMP
 234  2347   3  0.100  0.500 30.000
 CONTRL: NHITCT,NITMAX,RMSTOP,STEPL,TLIM,NITPB
   5   2  0.100  5.000  0.008  8
 55 35 15
  10.00  21.00  21.25  21.50  21.75  22.00  22.25  22.50  22.75
  23.00  23.25  23.50  23.75  24.00  24.25  24.50  24.75  25.00
  25.25  25.50  25.75  26.00  26.25  26.50  26.75  27.00  27.25
  27.50  27.75  28.00  28.25  28.50  28.75  29.00  29.25  29.50
  29.75  30.00  30.25  30.50  30.75  31.00  31.25  31.50  31.75
  32.00  32.25  32.50  32.75  33.00  33.25  33.50  33.75  34.00
  40.00
  90.00  98.00  98.25  98.50  98.75  99.00  99.25  99.50  99.75
 100.00 100.25 100.50 100.75 101.00 101.25 101.50 101.75 102.00
 102.25 102.50 102.75 103.00 103.25 103.50 103.75 104.00 104.25
 104.50 104.75 105.00 105.25 105.50 105.75 106.00 130.00
-200.00   0.00   8.00  16.00  24.00  32.00  40.00  48.00  56.00
  64.00  72.00  80.00  88.00  96.00 200.00

 ITERATION STEP:  1

 Before REORDER: 
   Number of data :    43627
   Number of non-zero elements in A :         3175803
   Number of non-zero elements/per ray :   72.79
 After REORDER :
   Number of data :   43627
   Number of Eq.  unknowns :        0
   Number of Eq.  in A     :     0
   Number of grid unknowns :     5852
   Number of non-zero elements in A :         3174496


                         LSQR   --   Least-squares solution of  A*X = B

                         The matrix  A  has  43627rows and   5852 cols
                         The damping parameter is DAMP =   3.00E+01

                         ATOL  =   0.00E+00           CONLIM =   0.00E+00
                         BTOL  =   0.00E+00           ITMAX  =        250


   ITN         X(1)              FUNCTION       COMPATIBLE INCOMPATIBLE NORM(ABAR) COND(ABAR)

     0    0.0000000000E+00   2.2241081238E+02    1.000E+00    2.671E-01

   1    0.000000    0.000009    0.000312    0.000083   201.290
   2    0.000000    0.000025    0.000360    0.000070   194.516
   3    0.000000    0.000048    0.000376    0.000015   190.806
   4   -0.000001    0.000080   -0.000066   -0.000203   188.686
   5   -0.000001    0.000100   -0.000783   -0.000481   187.867
   6   -0.000001    0.000116   -0.001547   -0.000766   187.478
   7   -0.000001    0.000134   -0.002724   -0.001193   187.220
   8   -0.000001    0.000150   -0.004049   -0.001651   187.097
   9   -0.000001    0.000161   -0.005236   -0.002054   187.042
  10   -0.000002    0.000168   -0.006000   -0.002310   187.023
  11   -0.000002    0.000174   -0.006566   -0.002502   187.014
  12   -0.000002    0.000178   -0.006908   -0.002618   187.010
  13   -0.000002    0.000180   -0.007123   -0.002691   187.009
  14   -0.000002    0.000182   -0.007231   -0.002729   187.008
  15   -0.000002    0.000184   -0.007267   -0.002743   187.007
  16   -0.000002    0.000184   -0.007272   -0.002746   187.007
  17   -0.000002    0.000185   -0.007271   -0.002746   187.007
  18   -0.000002    0.000185   -0.007269   -0.002746   187.007
  19   -0.000002    0.000185   -0.007266   -0.002745   187.007
  20   -0.000002    0.000185   -0.007263   -0.002744   187.007
  21   -0.000002    0.000186   -0.007262   -0.002744   187.007
  22   -0.000002    0.000186   -0.007261   -0.002743   187.007
  23   -0.000002    0.000186   -0.007260   -0.002743   187.007
  24   -0.000002    0.000186   -0.007260   -0.002743   187.007
  25   -0.000002    0.000186   -0.007260   -0.002743   187.007
  26   -0.000002    0.000186   -0.007260   -0.002743   187.007
  27   -0.000002    0.000186   -0.007260   -0.002743   187.007
  28   -0.000002    0.000186   -0.007260   -0.002743   187.007
  29   -0.000002    0.000186   -0.007259   -0.002743   187.007
  30   -0.000002    0.000186   -0.007259   -0.002743   187.007
  31   -0.000002    0.000186   -0.007259   -0.002743   187.007
  32   -0.000002    0.000186   -0.007259   -0.002743   187.007
  33   -0.000002    0.000186   -0.007259   -0.002743   187.007
  34   -0.000002    0.000186   -0.007259   -0.002743   187.007
  35   -0.000002    0.000186   -0.007259   -0.002743   187.007
  36   -0.000002    0.000186   -0.007259   -0.002743   187.007
  37   -0.000002    0.000186   -0.007259   -0.002743   187.007
  38   -0.000002    0.000186   -0.007259   -0.002743   187.007
  39   -0.000002    0.000186   -0.007259   -0.002743   187.007
  40   -0.000002    0.000186   -0.007259   -0.002743   187.007
  41   -0.000002    0.000186   -0.007259   -0.002743   187.007
  42   -0.000002    0.000186   -0.007259   -0.002743   187.007
  43   -0.000002    0.000186   -0.007259   -0.002743   187.007
  44   -0.000002    0.000186   -0.007259   -0.002743   187.007
  45   -0.000002    0.000186   -0.007259   -0.002743   187.007
  46   -0.000002    0.000186   -0.007259   -0.002743   187.007
  47   -0.000002    0.000186   -0.007259   -0.002743   187.007
  48   -0.000002    0.000186   -0.007259   -0.002743   187.007
  49   -0.000002    0.000186   -0.007259   -0.002743   187.007
  50   -0.000002    0.000186   -0.007259   -0.002743   187.007
  51   -0.000002    0.000186   -0.007259   -0.002743   187.007
  52   -0.000002    0.000186   -0.007259   -0.002743   187.007
  53   -0.000002    0.000186   -0.007259   -0.002743   187.007
  54   -0.000002    0.000186   -0.007259   -0.002743   187.007
  55   -0.000002    0.000186   -0.007259   -0.002743   187.007
  56   -0.000002    0.000186   -0.007259   -0.002743   187.007
  57   -0.000002    0.000186   -0.007259   -0.002743   187.007
  58   -0.000002    0.000186   -0.007259   -0.002743   187.007
  59   -0.000002    0.000186   -0.007259   -0.002743   187.007
  60   -0.000002    0.000186   -0.007259   -0.002743   187.007


 No. of iterations =    60         Stopping condition =  5

 The least-sqrs solu is good enough for this machine
 Norm of solution(vel model) (%)=          1.7815
 Total number of model parameters =  5852
 Total model rms(%) =      0.02

 Sum of Squared Residuals (sec*sec)=   34971.695
 Total number of observations = 43627
 Total rms travel time residual (sec)= 0.89532

 Updated velocity model
 Velocity model difference (%)

 Standard error of velocity (%)

 Hit conuter 


 ITERATION STEP:  2

 Before REORDER: 
   Number of data :    43627
   Number of non-zero elements in A :         3175830
   Number of non-zero elements/per ray :   72.80
 After REORDER :
   Number of data :   43627
   Number of Eq.  unknowns :        0
   Number of Eq.  in A     :     0
   Number of grid unknowns :     5852
   Number of non-zero elements in A :         3174523


                         LSQR   --   Least-squares solution of  A*X = B

                         The matrix  A  has  43627rows and   5852 cols
                         The damping parameter is DAMP =   1.00E+02

                         ATOL  =   0.00E+00           CONLIM =   0.00E+00
                         BTOL  =   0.00E+00           ITMAX  =        250


   ITN         X(1)              FUNCTION       COMPATIBLE INCOMPATIBLE NORM(ABAR) COND(ABAR)

     0    0.0000000000E+00   2.2241081238E+02    1.000E+00    2.727E-01

   1    0.000000    0.000006    0.000209    0.000056   208.021
   2    0.000000    0.000012    0.000218    0.000048   206.224
   3    0.000000    0.000016    0.000217    0.000038   205.971
   4    0.000000    0.000017    0.000184    0.000023   205.945
   5    0.000000    0.000018    0.000162    0.000015   205.942
   6    0.000000    0.000018    0.000149    0.000010   205.942
   7    0.000000    0.000018    0.000142    0.000008   205.942
   8    0.000000    0.000018    0.000139    0.000007   205.942
   9    0.000000    0.000018    0.000138    0.000006   205.942
  10    0.000000    0.000018    0.000138    0.000006   205.942
  11    0.000000    0.000018    0.000138    0.000006   205.942
  12    0.000000    0.000018    0.000138    0.000006   205.942
  13    0.000000    0.000018    0.000138    0.000006   205.942
  14    0.000000    0.000018    0.000138    0.000006   205.942
  15    0.000000    0.000018    0.000138    0.000006   205.942
  16    0.000000    0.000018    0.000138    0.000006   205.942
  17    0.000000    0.000018    0.000138    0.000006   205.942
  18    0.000000    0.000018    0.000138    0.000006   205.942
  19    0.000000    0.000018    0.000138    0.000006   205.942
  20    0.000000    0.000018    0.000138    0.000006   205.942
  21    0.000000    0.000018    0.000138    0.000006   205.942
  22    0.000000    0.000018    0.000138    0.000006   205.942
  23    0.000000    0.000018    0.000138    0.000006   205.942
  24    0.000000    0.000018    0.000138    0.000006   205.942
  25    0.000000    0.000018    0.000138    0.000006   205.942
  26    0.000000    0.000018    0.000138    0.000006   205.942
  27    0.000000    0.000018    0.000138    0.000006   205.942
  28    0.000000    0.000018    0.000138    0.000006   205.942
  29    0.000000    0.000018    0.000138    0.000006   205.942
  30    0.000000    0.000018    0.000138    0.000006   205.942
  31    0.000000    0.000018    0.000138    0.000006   205.942
  32    0.000000    0.000018    0.000138    0.000006   205.942
  33    0.000000    0.000018    0.000138    0.000006   205.942
  34    0.000000    0.000018    0.000138    0.000006   205.942
  35    0.000000    0.000018    0.000138    0.000006   205.942
  36    0.000000    0.000018    0.000138    0.000006   205.942
  37    0.000000    0.000018    0.000138    0.000006   205.942
  38    0.000000    0.000018    0.000138    0.000006   205.942
  39    0.000000    0.000018    0.000138    0.000006   205.942
  40    0.000000    0.000018    0.000138    0.000006   205.942
  41    0.000000    0.000018    0.000138    0.000006   205.942
  42    0.000000    0.000018    0.000138    0.000006   205.942
  43    0.000000    0.000018    0.000138    0.000006   205.942
  44    0.000000    0.000018    0.000138    0.000006   205.942
  45    0.000000    0.000018    0.000138    0.000006   205.942
  46    0.000000    0.000018    0.000138    0.000006   205.942
  47    0.000000    0.000018    0.000138    0.000006   205.942
  48    0.000000    0.000018    0.000138    0.000006   205.942
  49    0.000000    0.000018    0.000138    0.000006   205.942
  50    0.000000    0.000018    0.000138    0.000006   205.942
  51    0.000000    0.000018    0.000138    0.000006   205.942
  52    0.000000    0.000018    0.000138    0.000006   205.942
  53    0.000000    0.000018    0.000138    0.000006   205.942
  54    0.000000    0.000018    0.000138    0.000006   205.942
  55    0.000000    0.000018    0.000138    0.000006   205.942
  56    0.000000    0.000018    0.000138    0.000006   205.942
  57    0.000000    0.000018    0.000138    0.000006   205.942
  58    0.000000    0.000018    0.000138    0.000006   205.942
  59    0.000000    0.000018    0.000138    0.000006   205.942
  60    0.000000    0.000018    0.000138    0.000006   205.942


 No. of iterations =    60         Stopping condition =  5

 The least-sqrs solu is good enough for this machine
 Norm of solution(vel model) (%)=          0.5666
 Total number of model parameters =  5852
 Total model rms(%) =      0.01

 Sum of Squared Residuals (sec*sec)=   42412.090
 Total number of observations = 43627
 Total rms travel time residual (sec)= 0.98598

 Updated velocity model
 Velocity model difference (%)

 Standard error of velocity (%)

 Hit conuter 

