  32.94900 104.67800   0.98000
  33.35800 104.97500   1.10000
  34.18100 105.16600   1.39000
  34.43100 104.02400   2.32500
  34.73260 105.32230   1.30000
  35.00820 102.90550   2.90000
  35.20020 105.27470   1.79000
  35.55190 104.58890   1.91100
  35.63260 103.25510   1.83000
  35.98220 103.26260   1.66500
  34.65220 105.04830   1.68500
  34.94480 104.68540   1.75500
  33.78750 104.36940   1.45000
  34.06700 103.21700   1.50000
  35.65610 103.74920   1.86000
  34.87830  98.16920   4.22000
  34.47830 100.24830   3.73600
  26.19800 101.84100   1.82000
  26.50330 101.74250   1.19000
  26.54040 101.69350   1.24600
  26.59500 101.72860   1.17600
  26.64200 102.57000   1.66000
  26.65280 102.25140   1.81000
  26.87100 102.11900   1.20000
  26.91300 101.54000   1.20000
  27.41500 101.51000   2.55000
  27.38300 102.54600   1.42000
  27.93170 101.27500   2.26000
  27.91300 102.22300   1.57000
  27.99500 102.84500   2.06000
  28.53600 102.17000   1.82000
  29.00000 101.50830   3.10000
  29.16500 102.41060   1.22000
  28.93390  99.79390   3.20000
  29.99700 100.27300   4.18700
  30.01000  99.11690   2.62000
  31.60810 100.01780   3.36000
  30.05900 101.96800   2.54000
  28.27000 103.57560   1.10000
  28.17920 104.50530   0.49000
  28.83700 103.53800   0.59000
  29.35420 104.76610   0.32600
  28.87190 105.41310   0.33000
  30.01670 103.01670   0.66000
  30.91000 103.75780   0.62800
  31.47720 103.58720   1.39000
  31.37600 104.11200   0.72500
  31.68190 103.85530   1.60000
  31.63810 104.43190   0.57600
  31.77200 104.71200   0.53200
  32.41500 104.54830   0.89000
  32.59360 105.22670   0.80000
  31.00330 102.36190   2.35000
  30.99920 101.12080   3.00000
  31.88890 102.21890   2.76500
  32.05780 102.99030   2.30000
  32.65000 103.60470   2.83000
  33.25400 104.23400   1.49000
  33.58190 102.96280   3.50000
  32.27000 100.98470   3.36300
  31.25720 103.79940   1.50000
  30.11530 102.17830   1.41000
  29.15380 103.05090   0.70000
  31.38330 104.01670   0.86000
  31.90170 102.22330   2.76500
  30.66030 104.01110   0.50600
  29.51830 104.83440   0.30000
  28.77690 104.65140   0.40000
  29.56140 103.44220   0.60000
  27.41080 102.19920   1.70000
  26.46360 102.07220   2.00000
  31.00220 103.61360   0.80000
  28.31470 102.40890   1.80000
  30.00140 104.14280   0.42000
  30.99000 102.48500   2.48000
  31.44390 103.16030   1.85500
  31.13250 104.16610   0.52500
  27.71720 102.07280   2.40000
  27.84890 102.25970   1.59000
  28.07000 102.14750   1.59000
  29.05190 103.78720   1.28000
  30.20110 104.10220   0.82500
  29.56700 103.43300   0.61500
  30.05920 101.96830   2.54000
  30.30830 103.50000   0.94700
  29.80360 102.77720   1.30000
  29.39170 102.66670   2.00000
  30.00000 100.28300   4.18700
  29.79810 103.93110   0.67000
  29.20000 103.21700   1.34000
  28.83750 103.53440   0.67000
  31.00560 104.54440   0.94000
  30.86890 103.56890   0.60800
  31.79280 104.67110   0.65000
  28.63690 104.73610   0.86000
  27.86220 102.44780   2.80000
  27.72640 102.37810   2.50000
  26.85530 102.75000   2.36000
  27.95720 102.34110   2.35000
  27.05000 102.00000   2.63500
  28.10940 102.27640   1.87500
  27.54360 101.69390   3.68400
  27.63970 102.70440   2.96000
  28.51700 102.08300   2.06000
  29.34830 102.77500   1.73500
  28.83300 103.55400   0.68000
  30.63300 104.06700   0.45700
  31.63300 104.11700   0.72500
  29.26670 104.97530   0.30000
  28.51970 102.08970   2.07000
  28.31700 102.15000   1.80000
  28.60000 102.88300   3.71500
  28.40000 102.53300   2.94000
  29.18220 104.76780   0.30000
  26.50000 101.75000   1.19000
  30.09300 101.95700   2.88000
  30.38200 103.79500   0.48000
  30.01300 103.02800   0.63000
  30.39830 103.80600   0.55000
  27.29940 102.62100   2.51500
  29.26530 104.60140   0.30000
  30.41700 104.21700   0.70000
  27.05640 102.00110   2.63500
  27.86670 102.05000   1.80000
  27.80970 103.18780   3.16000
  30.07360 103.04190   0.50000
  28.40190 102.53830   3.07000
  28.72220 102.21330   2.49500
  28.69640 102.30330   2.42000
  28.88250 102.30470   2.63000
  28.77860 102.07670   2.40000
  29.57080 104.39500   0.00000
  29.57600 103.45300   0.47000
  30.03330 100.01670   0.34000
  27.38500 101.14180   0.27500
  30.00000 101.55000   0.34000
  29.22510 104.46540   0.42000
  28.06670 104.25000   0.52000
  27.28400 103.71700   1.94000
  26.91890 102.92030   0.93100
  26.50700 103.14500   2.01200
  26.08720 103.18690   1.56000
  24.88610 104.29250   1.50300
  23.37200 104.25800   1.49000
  23.13330 104.70500   1.07600
  22.75000 103.25000   1.80000
  23.35970 103.16030   1.84000
  23.64830 102.76000   1.33000
  23.66670 102.47500   1.43500
  24.07140 102.74970   1.87000
  24.67400 101.88900   1.22500
  24.78330 102.60000   1.94100
  24.93500 103.11800   1.70000
  25.14810 102.74720   1.94000
  25.35000 103.03330   1.92000
  25.42860 103.57530   2.01000
  25.50000 102.83300   1.00000
  25.21830 102.49170   1.68400
  25.42400 102.29700   1.86700
  25.10000 101.91670   1.91000
  25.03330 101.53860   1.82000
  25.69830 101.88860   1.14000
  25.71810 101.23470   1.88000
  27.81300  99.70100   3.28800
  27.20000  99.60000   1.96400
  27.29280 100.84390   2.33000
  26.90000 100.23330   2.45600
  26.69310 100.76940   2.20000
  26.58720 101.20170   1.22000
  26.54780 100.15080   2.21000
  26.53830  99.89670   1.54800
  26.10860  99.94530   2.10000
  25.88560  99.37080   1.70000
  25.84560  98.84530   0.90000
  25.57900 100.25500   2.02000
  25.35000 100.49170   1.69600
  25.11800  99.14750   1.67500
  25.02920  98.52030   1.65000
  24.42440  98.59250   0.88000
  24.03330  99.25000   1.64000
  23.86670 100.90000   1.20200
  22.73810 100.93110   1.10000
  22.56310  99.93190   1.06000
  24.44000 100.13940   1.10000
  24.72060 102.20190   1.63000
  26.18330 103.06670   2.26000
  23.56310 101.91670   0.75000
  23.43770 104.66780   1.49000
  24.58670  98.68500   1.50000
  24.72330  99.18670   1.20000
  25.05000 100.51670   1.40000
  24.88330 102.50000   1.82000
  24.17610 102.38810   1.54800
  23.13330  99.26330   1.39000
  25.54080 102.44970   1.77700
  25.39200 103.85000   1.86400
  24.40580 103.38720   1.55000
  25.60860 100.25310   1.96700
  24.08600  98.06800   0.92000
  25.12300 102.74000   1.94000
  25.91100 100.19300   2.00500
  25.92500 100.65700   2.54000
  26.05700 100.11300   2.23000
  25.90900 100.09200   2.82000
  25.54000 100.20100   2.37000
  26.27200  99.82700   2.10000
  26.30700 100.60000   1.22000
  24.68330 102.91670   1.75700
  22.17300 100.73360   0.57000
  24.71700  99.18300   2.00000
  26.81700 100.60000   1.80000
  25.91500 102.82700   2.30000
  22.77560 101.01360   1.36000
  25.60800 104.16700   2.30000
  25.04330 102.73360   1.89200
  27.82330  99.69750   3.28800
  24.76700 102.75000   1.87000
  23.40670 104.25140   1.47500
  27.31720 103.71690   1.94000
  22.01830 100.73830   0.57000
  24.91170 103.14470   1.70000
  27.41700 104.83300   0.00000
  24.69170 101.63330   1.96000
  27.45000 104.86670   1.68000
  21.48600 101.56190   0.63200
  25.77670 104.64330   1.52600
  27.28600 105.27700   1.80000
  26.59200 104.82500   1.80000
  29.70000  91.15000   3.65800
  29.58330  94.36670   3.13000
  31.05000  97.16670   3.70000
  28.65000  97.46670   2.31000
  29.24440  91.78390   3.65000
  31.13500  97.17200   3.33800